# x_hat,full-stokes min,full-stokes max,full-stokes mean,full-stokes std,higher-order min,higher-order max,higher-order mean,higher-order std
0.000000000000000000e+00,nan,nan,nan,nan,nan,nan,nan,nan
1.000000000000000021e-02,nan,nan,nan,nan,nan,nan,nan,nan
2.000000000000000042e-02,1.888374064634207627e+01,1.955408252034822780e+01,1.911959478669102452e+01,1.945978213904863141e-01,1.878374201949866418e+01,2.182882096588776122e+01,1.957503326942308419e+01,1.070317536177297191e+00
2.999999999999999889e-02,1.657724935400490196e+01,1.732710558232331977e+01,1.684064235356878214e+01,2.394098344515787902e-01,1.644327287620239275e+01,1.898900033079821981e+01,1.722788144736813365e+01,8.794515008471263107e-01
4.000000000000000083e-02,1.442044528843040396e+01,1.547802374309157969e+01,1.472440110693339044e+01,3.108909673340370383e-01,1.445122910115723158e+01,1.666930010597014089e+01,1.494073584534314136e+01,6.529605918639282969e-01
5.000000000000000278e-02,1.226793442121963018e+01,1.362894190386582594e+01,1.281105724599514062e+01,3.754210494405986753e-01,1.226150245910114123e+01,1.458310001421798141e+01,1.295001881572221336e+01,6.214168168561675643e-01
5.999999999999999778e-02,1.098531209739730130e+01,1.177986006464888113e+01,1.117101435803752807e+01,2.464770934578993655e-01,1.071000466853306499e+01,1.271970000189092076e+01,1.124153050152849076e+01,5.276912022643169831e-01
7.000000000000000666e-02,9.549612025367920864e+00,9.930778225445653362e+00,9.724871410413630457e+00,1.148953945417579559e-01,9.486819451035936268e+00,1.106660002701365109e+01,9.877206619252763886e+00,4.201219018529762095e-01
8.000000000000000167e-02,8.081696386265575072e+00,8.544736447139918312e+00,8.365066229252168029e+00,1.353539668163148135e-01,8.167917098613827420e+00,9.609720060812239950e+00,8.598368588125959278e+00,3.920486589333925798e-01
8.999999999999999667e-02,7.061075630980526263e+00,7.360085140099023704e+00,7.242161896849687253e+00,9.019653142535037638e-02,7.147550016399383921e+00,8.333810086629922509e+00,7.439877908886009195e+00,3.214980164858192713e-01
1.000000000000000056e-01,6.013028769399695328e+00,6.465604344130909453e+00,6.292590369980158194e+00,1.378942988856092511e-01,6.007750868668498612e+00,7.223190097345330685e+00,6.393164694160905270e+00,3.121252853652310977e-01
1.100000000000000006e-01,5.408809095964304703e+00,5.848295197341500717e+00,5.508103273793257593e+00,1.394570620802162153e-01,5.250000000000000000e+00,6.262160092421605206e+00,5.545020215937048746e+00,2.699161898094037393e-01
1.199999999999999956e-01,4.689758999502030790e+00,5.241904980523504953e+00,4.852109053811671124e+00,1.570907650964054325e-01,4.419999999999999929e+00,5.435210075309577782e+00,4.835277612115783441e+00,2.446291602993986292e-01
1.300000000000000044e-01,4.092249300498130182e+00,4.635514763707050179e+00,4.232530360652785539e+00,1.634392896493474523e-01,4.013816888244567060e+00,4.727610051456967000e+00,4.232139871549592591e+00,1.929937334576327379e-01
1.400000000000000133e-01,3.592518749831905556e+00,4.029124546892830949e+00,3.699672498771792828e+00,1.319216641451501359e-01,3.563134851248650481e+00,4.125370026999182649e+00,3.724213246031602864e+00,1.501585706886269245e-01
1.499999999999999944e-01,3.073569713393753400e+00,3.422734330082038756e+00,3.230897702913073211e+00,1.021101533929022476e-01,3.072470221107650890e+00,3.615670007984722822e+00,3.256596887121919970e+00,1.499829913212860910e-01
1.600000000000000033e-01,2.807311446873832494e+00,2.946610882949755705e+00,2.845911373403477107e+00,4.344557982718983552e-02,2.750000000000000000e+00,3.186740000016024421e+00,2.879750640529401995e+00,1.242092759514386024e-01
1.700000000000000122e-01,2.375879858271021217e+00,2.663070081888710305e+00,2.544821017671400121e+00,7.913367111818329913e-02,2.399999999999999911e+00,2.828150008112281011e+00,2.589298396929143653e+00,1.154052259294198191e-01
1.799999999999999933e-01,2.228625091254768709e+00,2.416613445372814972e+00,2.301909178690940028e+00,5.617394706424837236e-02,2.201514296853761987e+00,2.530660036597588647e+00,2.336418931483411843e+00,9.268608967620096950e-02
1.900000000000000022e-01,2.002214428737621343e+00,2.196292242317955612e+00,2.108997437274133802e+00,5.524257845323791993e-02,2.033787510347870864e+00,2.286260088873174556e+00,2.146338230969114136e+00,7.593878850742721842e-02
2.000000000000000111e-01,1.854959226805588113e+00,2.054310406601423722e+00,1.946735241131494876e+00,6.847832295268425906e-02,1.867003050743564652e+00,2.088150167685392855e+00,1.968928764021333766e+00,7.483293361177442704e-02
2.099999999999999922e-01,1.744957338609746111e+00,1.941430560163538432e+00,1.828875525433554250e+00,6.247327223172750854e-02,1.740862124372623887e+00,1.965000038207697086e+00,1.842816284921413139e+00,7.066399366175092622e-02
2.200000000000000011e-01,1.666136672175276390e+00,1.832818235637660109e+00,1.744688410655316213e+00,5.757355449335765929e-02,1.657503788177481896e+00,1.852925028502232507e+00,1.752377049958866451e+00,6.380381744703716995e-02
2.300000000000000100e-01,1.615714123165894689e+00,1.763790234717713235e+00,1.670885249854466625e+00,5.072083137454003882e-02,1.573773698069226956e+00,1.801137601916135367e+00,1.680307172978569685e+00,6.552229166770501267e-02
2.399999999999999911e-01,1.589772662105556567e+00,1.715310401956088970e+00,1.629826132487578683e+00,3.701292741501004818e-02,1.552175180926148812e+00,1.749425004422984653e+00,1.641791463156808017e+00,5.771410349569229548e-02
2.500000000000000000e-01,1.506981262063779914e+00,1.715265597025526612e+00,1.602723946696511081e+00,5.562596145773465034e-02,1.535545856135553056e+00,1.749412621075497887e+00,1.624213335902524591e+00,6.046664017985531325e-02
2.600000000000000089e-01,1.589720213691036887e+00,1.715217765275755424e+00,1.629505835016040072e+00,3.701659910235626655e-02,1.542535090296843103e+00,1.749437500649610344e+00,1.636042177843687551e+00,5.932200691332952663e-02
2.700000000000000178e-01,1.604172501209610857e+00,1.763589178325102313e+00,1.677120902906212851e+00,4.908415835567874613e-02,1.591772555718158566e+00,1.801187570419073403e+00,1.679330861283700127e+00,6.221227587155113425e-02
2.800000000000000266e-01,1.600206067042479807e+00,1.832773563297051878e+00,1.732095884222559556e+00,7.168720099171552174e-02,1.641038253328908070e+00,1.852925011851985326e+00,1.728696207070230084e+00,6.541208034703800689e-02
2.899999999999999800e-01,1.705438630636414654e+00,1.941370996902807011e+00,1.831685634601994517e+00,6.791141308807940868e-02,1.719120747408192429e+00,1.964950033168292753e+00,1.825892703931953687e+00,7.098278273178601494e-02
2.999999999999999889e-01,1.884778050259204862e+00,2.053791345850613403e+00,1.952746851022386654e+00,6.320477100685067962e-02,1.809100449516582776e+00,2.076975038517555383e+00,1.939489676565501641e+00,7.507595755564012985e-02
3.099999999999999978e-01,2.067524626133717014e+00,2.195610842039383837e+00,2.116922131416682173e+00,4.052394819541610405e-02,1.930670279264915079e+00,2.263462555225124628e+00,2.107957846405422053e+00,8.751582751713510300e-02
3.200000000000000067e-01,2.202628948172383083e+00,2.415761050182561931e+00,2.308506138486309034e+00,6.170951449552547485e-02,2.088150167685392855e+00,2.449962586225808092e+00,2.318101533869838971e+00,9.770218285090340182e-02
3.300000000000000155e-01,2.375760731329526365e+00,2.662005697348158950e+00,2.521897400093115582e+00,8.622610424737275903e-02,2.286260088873174556e+00,2.731450124590415918e+00,2.541442511849988595e+00,1.104434669784000039e-01
3.400000000000000244e-01,2.764722014033241138e+00,2.945297494759214985e+00,2.845650239349142296e+00,5.090763826467116504e-02,2.530660036597588647e+00,3.012987665948244409e+00,2.826504159392682958e+00,1.226303605414414827e-01
3.500000000000000333e-01,3.073569712440287649e+00,3.420861404905701342e+00,3.221629567464914246e+00,1.047295293699858632e-01,2.828150008112282787e+00,3.418462706255913641e+00,3.174141553041344821e+00,1.447318860645122052e-01
3.599999999999999867e-01,3.592525089831631657e+00,4.026202321347093438e+00,3.695878373626284574e+00,1.303026407347007698e-01,3.186740000016024421e+00,3.823887794203204127e+00,3.620499170579992043e+00,1.654128019811599015e-01
3.699999999999999956e-01,4.092257340497700291e+00,4.631543237792643097e+00,4.238186442850016888e+00,1.603416769865958214e-01,3.615670007984722822e+00,4.391225314707871696e+00,4.133230882114104610e+00,1.937591374021337132e-01
3.800000000000000044e-01,4.689769259502495125e+00,5.236884154240906142e+00,4.819605642532986955e+00,1.719549285731709065e-01,4.125370026999182649e+00,4.958512988049566417e+00,4.680838705431463964e+00,2.294544733505812784e-01
3.900000000000000133e-01,5.386676446178356059e+00,5.842225070691038802e+00,5.513895172601183781e+00,1.359115248230447215e-01,4.727610051456967000e+00,5.734238337949186359e+00,5.405717290381204521e+00,2.595078315639520183e-01
4.000000000000000222e-01,6.013028768887842546e+00,6.461711458217264337e+00,6.285305377288925577e+00,1.359779532241529032e-01,5.435210075309577782e+00,6.510025786479268106e+00,6.206505929013959033e+00,2.866359943829009937e-01
4.100000000000000311e-01,7.052906903594990951e+00,7.355588415459297202e+00,7.238169785999563288e+00,8.514074478639017951e-02,6.262160092421610535e+00,7.547838167782301433e+00,7.214625628925054102e+00,3.484279435839365280e-01
4.199999999999999845e-01,8.073182866210375508e+00,8.534594092409282240e+00,8.372668798723131189e+00,1.400063419517923735e-01,7.223190097345330685e+00,8.585601232295848817e+00,8.301855769159377729e+00,3.758109934883210324e-01
4.299999999999999933e-01,9.537185571982959686e+00,9.923328895625106227e+00,9.698955456864077007e+00,1.229874109073077204e-01,8.333810086629922509e+00,9.942713429826701699e+00,9.494563711965042785e+00,4.591926109978243242e-01
4.400000000000000022e-01,1.100651072960872767e+01,1.177347492506837767e+01,1.119355201032048797e+01,2.326206346252420731e-01,9.609720060812239950e+00,1.129980183372284941e+01,1.093764514063904691e+01,4.733995897796118291e-01
4.500000000000000111e-01,1.226793442121963018e+01,1.362362095452856181e+01,1.280256914904945020e+01,3.671960198136196563e-01,1.106660002701365109e+01,1.303200345352379941e+01,1.255540070869054325e+01,5.314622982472441137e-01
4.600000000000000200e-01,1.447407432209471523e+01,1.547376698399959416e+01,1.472017412897381483e+01,2.961862101385571711e-01,1.271970000189090300e+01,1.512000330687794580e+01,1.447047260199662766e+01,6.143378082913010241e-01
4.700000000000000289e-01,1.657734633883907804e+01,1.732391301347799839e+01,1.681875872524221194e+01,2.200707012651152983e-01,1.458310001421799029e+01,1.785001120447828526e+01,1.663001722897374179e+01,7.673600863047786991e-01
4.799999999999999822e-01,1.888387266153682020e+01,1.921983344996470677e+01,1.907261875619092706e+01,1.087414229172998514e-01,1.666930010597014089e+01,1.939501031193332636e+01,1.880873325971079879e+01,7.315686768506222126e-01
4.899999999999999911e-01,2.102420507244912073e+01,2.172491298782516012e+01,2.150453373858842454e+01,2.051803395528681573e-01,1.898900033079821981e+01,2.171028448064615901e+01,2.120667908216573139e+01,7.715611541487173985e-01
5.000000000000000000e-01,2.287435110003993444e+01,2.468252113524145486e+01,2.408620271122188683e+01,5.291248638269930860e-01,2.155000074981060010e+01,2.459559980202082130e+01,2.394762390618762282e+01,8.405715623813198034e-01
5.100000000000000089e-01,2.647085955901873433e+01,2.763246775956853796e+01,2.725928151503438457e+01,3.263150579250831962e-01,2.435700142638446053e+01,2.829000706963502765e+01,2.710429021942585948e+01,9.825789558343340779e-01
5.200000000000000178e-01,3.006736802387602836e+01,3.101336860210949808e+01,3.060240556530470002e+01,2.508275253652034742e-01,2.741130242286801533e+01,3.254001382913043727e+01,3.045164685619047873e+01,1.201516147972215398e+00
5.300000000000000266e-01,3.366387648875124228e+01,3.459545650303353170e+01,3.413605831101912003e+01,2.407982726415787145e-01,3.071000380084380410e+01,3.484501291433252135e+01,3.381511686134687267e+01,1.111117643008412204e+00
5.400000000000000355e-01,3.726038495363920333e+01,3.825526300239869215e+01,3.780477869446656314e+01,2.645436158433527862e-01,3.424590562299163565e+01,3.829672565134498541e+01,3.730660166653208165e+01,1.111444073273410993e+00
5.500000000000000444e-01,4.085689341853652934e+01,4.236113065391478472e+01,4.162469322425029361e+01,4.237543312554343800e-01,3.800620795453698264e+01,4.231763004453371479e+01,4.125334030830776300e+01,1.225567032513924071e+00
5.600000000000000533e-01,4.445340188344095367e+01,4.648453621959622950e+01,4.571130864230975277e+01,5.444786742326802598e-01,4.197421086069427787e+01,4.732001690616773715e+01,4.545840369193454222e+01,1.416844403682469444e+00
5.700000000000000622e-01,4.804991034835088470e+01,5.082772781837856968e+01,4.988010740701915324e+01,7.503999344224304702e-01,4.612711440264355645e+01,5.278001515725439674e+01,4.980221560406187109e+01,1.693626540318115437e+00
5.799999999999999600e-01,5.164641881326512873e+01,5.532384175281357130e+01,5.417201363914073653e+01,1.008988365833588308e+00,5.043711863211408541e+01,5.559001439107566966e+01,5.398015002011036501e+01,1.571441181123589326e+00
5.899999999999999689e-01,5.546578549738217845e+01,5.979723770663542837e+01,5.854674454535653894e+01,1.213202133482983225e+00,5.487122358500673869e+01,5.983727470943697568e+01,5.822438392918456884e+01,1.573621588872326393e+00
5.999999999999999778e-01,5.939658128946886961e+01,6.439546142760882219e+01,6.296520173871435588e+01,1.405186342912289943e+00,5.939172927822148296e+01,6.450675524776764291e+01,6.280331240149566696e+01,1.746919419098360571e+00
6.099999999999999867e-01,6.332737708159652357e+01,6.901670172969177486e+01,6.737623108783510872e+01,1.600754487804080473e+00,6.369093480003475349e+01,6.980001146131711209e+01,6.739091639181408766e+01,1.991223490404553598e+00
6.199999999999999956e-01,6.725817287375795672e+01,7.355584347107219401e+01,7.174827018749004992e+01,1.778434375574447612e+00,6.768284290560997363e+01,7.539001061148618987e+01,7.194225529209673198e+01,2.258034733215950496e+00
6.300000000000000044e-01,7.118896866594755579e+01,7.799918843078179975e+01,7.601684823412416847e+01,1.911259958396799075e+00,7.142195521799636992e+01,7.870207107376094768e+01,7.608873998384470383e+01,2.205710716065161670e+00
6.400000000000000133e-01,7.511976445816092962e+01,8.242567983567766987e+01,8.021156092439211704e+01,2.024842617626328334e+00,7.511043590953470073e+01,8.336753894738156134e+01,8.019640244022497200e+01,2.286646934864140945e+00
6.500000000000000222e-01,7.905056025039449707e+01,8.641847227452994673e+01,8.421114582521857983e+01,2.048864792923646760e+00,7.853882843652121437e+01,8.766684915134227651e+01,8.431111043743635491e+01,2.499043218242611886e+00
6.600000000000000311e-01,8.298135604264543019e+01,9.036333178837917046e+01,8.786547595711684266e+01,2.002923257376380217e+00,8.151649295318425459e+01,9.192649708293004096e+01,8.808435001147807952e+01,2.802348363995048164e+00
6.700000000000000400e-01,8.567125266263633421e+01,9.402627977744671739e+01,9.119457024852954419e+01,2.286744918224643097e+00,8.449204164040415321e+01,9.590488197776100776e+01,9.141066555518504799e+01,2.920961900201705763e+00
6.800000000000000488e-01,8.587935099592668564e+01,9.717251287602624643e+01,9.382862858131616690e+01,3.155609430270973181e+00,8.654815945775128228e+01,9.941634588078552781e+01,9.432889491101022372e+01,3.186619766118589769e+00
6.900000000000000577e-01,8.608744932923634963e+01,1.003203811732333151e+02,9.631795148679778151e+01,4.006632518057434034e+00,8.852213532559900955e+01,1.029388605803800658e+02,9.722278954682835206e+01,3.527189081108324853e+00
7.000000000000000666e-01,8.629554766256518405e+01,1.026717288880569896e+02,9.840435552325143931e+01,4.691679325861468186e+00,9.001094894540064217e+01,1.056667587643014627e+02,9.966419999756051595e+01,3.804491111537787074e+00
7.099999999999999645e-01,8.650364599591303261e+01,1.047840798824945807e+02,9.991787760366746340e+01,5.213092558729732318e+00,9.099033043512666552e+01,1.082043323727266682e+02,1.014624524951130411e+02,4.184757997447562161e+00
7.199999999999999734e-01,8.671174432927979581e+01,1.066550570228849182e+02,1.012022721791256288e+02,5.663850240599860086e+00,9.195542837453187701e+01,1.104967448587298264e+02,1.029530881626563286e+02,4.447950967788646182e+00
7.299999999999999822e-01,8.691984266266531733e+01,1.075286720601478407e+02,1.019738743781140897e+02,5.866869670952997495e+00,9.221889355397341603e+01,1.118391704747399729e+02,1.038428264366088172e+02,4.717779392729066323e+00
7.399999999999999911e-01,8.712794099606945508e+01,1.083844400998122239e+02,1.026077316360564708e+02,6.035016617268890826e+00,9.248991540430114355e+01,1.131532761215698599e+02,1.046140971483147979e+02,4.924103436449644100e+00
7.500000000000000000e-01,8.733603932949206694e+01,1.084991964634526198e+02,1.028341295649680376e+02,6.020979770060853831e+00,9.249612151489341727e+01,1.133015995862194956e+02,1.048828698174405361e+02,4.988089536147493064e+00
7.600000000000000089e-01,8.712791039179033703e+01,1.081989413760964567e+02,1.025509185164467283e+02,5.999705857278316401e+00,9.231568515415712284e+01,1.127619759721585382e+02,1.046809512015637011e+02,4.984066525918150248e+00
7.700000000000000178e-01,8.691978146533344329e+01,1.077861837062429515e+02,1.020464971582296130e+02,5.912138357751848261e+00,9.206360110758642179e+01,1.121194507286173234e+02,1.041065274825887457e+02,4.897792971229457670e+00
7.800000000000000266e-01,8.671165253889546420e+01,1.062913905182115855e+02,1.010669704692210757e+02,5.585946730029315965e+00,9.143178367648475557e+01,1.102156597093330532e+02,1.030591353401812711e+02,4.651091521626934622e+00
7.900000000000000355e-01,8.650352361247652766e+01,1.048005147763839773e+02,9.994776916352938656e+01,5.221750690374027393e+00,9.079105381977440459e+01,1.082779412827335648e+02,1.018200403756456751e+02,4.382209580858021702e+00
8.000000000000000444e-01,8.629539468607671893e+01,1.027143515725702940e+02,9.838122071615651976e+01,4.684803620321006612e+00,8.958928734262225646e+01,1.057887934777638179e+02,1.000509249698993273e+02,4.092997793125811690e+00
8.100000000000000533e-01,8.608726575969620853e+01,1.000748407996571387e+02,9.624358496597169221e+01,3.962410457142591103e+00,8.822383980137746562e+01,1.027402335538605769e+02,9.764404406451409102e+01,3.778672207429701668e+00
8.200000000000000622e-01,8.587913683333515280e+01,9.743712779791714240e+01,9.386903586801257404e+01,3.197351332322077244e+00,8.656443440225584141e+01,9.968644593336860282e+01,9.500073638192321823e+01,3.489984268993533867e+00
8.300000000000000711e-01,8.567100790699366542e+01,9.390735707272345678e+01,9.109061470060835575e+01,2.237969320098527781e+00,8.419468636839911824e+01,9.631780237836800040e+01,9.198535978527250734e+01,3.248374152873293674e+00
8.399999999999999689e-01,8.298742526891759042e+01,9.032971202053913373e+01,8.789242941848270618e+01,2.006938839721144063e+00,8.181139558542079726e+01,9.313439403474104950e+01,8.886881215568473635e+01,2.977536817317100848e+00
8.499999999999999778e-01,7.906611579356324171e+01,8.650830159406037012e+01,8.421161898140063329e+01,2.049587602639430184e+00,7.860846478746572075e+01,8.961228529856522584e+01,8.512709093113330994e+01,2.779582788865976983e+00
8.599999999999999867e-01,7.514480631824952184e+01,8.227474503959460606e+01,8.019185459774679714e+01,1.995666235344427664e+00,7.526723063408812209e+01,8.579387638285899698e+01,8.102377481130777426e+01,2.582859150163512307e+00
8.699999999999999956e-01,7.122349684298313832e+01,7.805416871662868061e+01,7.603863215587276159e+01,1.915220294839372173e+00,7.167342418215042699e+01,8.172556750021038852e+01,7.701576618460967438e+01,2.467672476308410356e+00
8.800000000000000044e-01,6.730218736777234767e+01,7.357020453358269663e+01,7.173370912522489107e+01,1.759121898179593746e+00,6.772299436070268541e+01,7.745715883763242005e+01,7.283401448439205694e+01,2.478113631430646446e+00
8.900000000000000133e-01,6.338087789262752381e+01,6.899829805061803256e+01,6.739015370316502640e+01,1.586405554345034830e+00,6.378585873132714568e+01,7.303915056671817752e+01,6.830517610831176967e+01,2.248263061364636162e+00
9.000000000000000222e-01,5.945956841756166966e+01,6.443070528289644017e+01,6.297874177668514761e+01,1.391780216665377656e+00,5.969282361814335047e+01,6.852244282126311248e+01,6.371735545816706292e+01,2.080255879576449196e+00
9.100000000000000311e-01,5.553825894259151852e+01,5.985168888086326433e+01,5.855262341949231342e+01,1.195773420573003953e+00,5.559947064614732426e+01,6.395743570229861774e+01,5.911628686200124605e+01,1.974220694493296513e+00
9.200000000000000400e-01,5.172206457803819291e+01,5.525771469421150783e+01,5.418695716488440439e+01,9.812497810570410817e-01,5.161884121151258142e+01,5.939172927822148296e+01,5.484894195910501224e+01,1.845840854474843695e+00
9.300000000000000488e-01,4.811610039321407584e+01,5.084178600929591596e+01,4.990518534358675851e+01,7.368722997333684299e-01,4.769737773834242489e+01,5.487122358500673869e+01,5.066157917730212290e+01,1.841874689643691498e+00
9.400000000000000577e-01,4.451013620840087981e+01,4.650499199373479087e+01,4.569449808086424270e+01,5.256046740476866264e-01,4.380440884402671742e+01,5.043711863211403568e+01,4.625712696291451920e+01,1.639551518734684965e+00
9.500000000000000666e-01,4.090417202360147542e+01,4.225246572882301876e+01,4.164507274328260422e+01,4.091720296825431258e-01,4.018873232086095015e+01,4.612711440264345697e+01,4.202918116912083946e+01,1.482702676339895609e+00
9.599999999999999645e-01,3.729820783881991986e+01,3.838247751326419888e+01,3.781451177417858389e+01,2.903290260894166863e-01,3.657845533671378035e+01,4.197421086069427787e+01,3.804842901837669444e+01,1.398082167857367386e+00
9.699999999999999734e-01,3.369224365406184063e+01,3.451933290842507063e+01,3.416400081420577806e+01,2.500439210625253761e-01,3.322753213673968276e+01,3.800620795453698264e+01,3.447756542667978863e+01,1.265056692611858491e+00
9.799999999999999822e-01,3.008627946933574293e+01,3.110858070265681974e+01,3.066469021977732723e+01,2.959731973821899120e-01,2.951022199680614833e+01,3.424590562299163565e+01,3.105760044700255662e+01,1.292870929850208128e+00
9.899999999999999911e-01,nan,nan,nan,nan,nan,nan,nan,nan
1.000000000000000000e+00,nan,nan,nan,nan,nan,nan,nan,nan
