# x_hat,full-stokes min,full-stokes max,full-stokes mean,higher-order min,higher-order max,higher-order mean
0.000000000000000000e+00,nan,nan,nan,nan,nan,nan
1.000000000000000021e-02,nan,nan,nan,nan,nan,nan
2.000000000000000042e-02,2.169860736018136649e+01,2.332093964079645332e+01,2.301423432005875824e+01,2.052632461308608214e+01,2.474192623642890254e+01,2.325851405770109182e+01
2.999999999999999889e-02,2.057974571554066046e+01,2.213202490441764780e+01,2.185518737389332600e+01,1.969483757996807327e+01,2.336530815118859294e+01,2.205372428212372782e+01
4.000000000000000083e-02,1.946088419059075747e+01,2.095445616578005854e+01,2.068970604451041950e+01,1.882539145642929412e+01,2.225777181682838446e+01,2.086556355523250517e+01
5.000000000000000278e-02,1.834202280723503975e+01,1.975725392870200992e+01,1.950483489794944347e+01,1.787053377451849201e+01,2.115023640529816618e+01,1.967301334637225452e+01
5.999999999999999778e-02,1.722316159306850025e+01,1.854861288292324062e+01,1.831196628203195687e+01,1.691823271485665359e+01,2.004276209757527027e+01,1.846969545721316308e+01
7.000000000000000666e-02,1.610430058335484560e+01,1.734147787495636095e+01,1.712275324347385563e+01,1.588924052454839497e+01,1.893529112530356784e+01,1.726770714867167555e+01
8.000000000000000167e-02,1.498543982388941487e+01,1.614060589310131633e+01,1.593520541147125869e+01,1.484922342809960050e+01,1.752871057563688950e+01,1.603945334370454034e+01
8.999999999999999667e-02,1.403798969847919942e+01,1.495109833996423454e+01,1.479105771273671088e+01,1.381540378223216692e+01,1.612203064822239895e+01,1.483754566439166034e+01
1.000000000000000056e-01,1.317624479619469291e+01,1.384897130985138780e+01,1.368304082912922759e+01,1.278876155367958667e+01,1.471524549574352214e+01,1.365353834632117547e+01
1.100000000000000006e-01,1.231449990038321829e+01,1.276980403736082792e+01,1.262642506142796250e+01,1.176739158120236439e+01,1.350175317834276356e+01,1.256896020609310582e+01
1.199999999999999956e-01,1.143636803707284422e+01,1.181816043205296296e+01,1.163373739638414861e+01,1.087900388846184896e+01,1.236939614991774761e+01,1.155874853366229971e+01
1.300000000000000044e-01,1.042030613932359451e+01,1.086660039919040166e+01,1.067675237711741865e+01,9.989715191417378293e+00,1.133583700324965093e+01,1.058377578953369813e+01
1.400000000000000133e-01,9.595882194336336823e+00,9.920017426814913719e+00,9.800634973836576336e+00,9.234766055459711964e+00,1.040278868861614470e+01,9.730961104780542215e+00
1.499999999999999944e-01,8.860941148076754814e+00,9.172105069554950418e+00,8.988778218014784827e+00,8.574965394204264513e+00,9.730463760787561256e+00,8.937944118293700058e+00
1.600000000000000033e-01,8.005775591581100414e+00,8.429366513814507300e+00,8.271679959694724360e+00,7.949090714233557620e+00,9.057733229125267016e+00,8.240361083480308935e+00
1.700000000000000122e-01,7.366656839425985481e+00,7.894899278156569444e+00,7.676141339175716283e+00,7.381839329323411469e+00,8.385073046789754514e+00,7.674611734355930359e+00
1.799999999999999933e-01,6.942818332143726678e+00,7.360436621153818137e+00,7.177542672575361493e+00,6.871896780773592006e+00,7.825001597443927537e+00,7.147203396245435769e+00
1.900000000000000022e-01,6.506700663835141896e+00,6.978923572921135410e+00,6.759436141304755452e+00,6.427464208224911602e+00,7.265006882309196889e+00,6.713914389239333147e+00
2.000000000000000111e-01,6.135430188703952403e+00,6.785056949603821330e+00,6.395999943641387908e+00,6.049191304973459360e+00,6.705029828419855953e+00,6.316645478615091847e+00
2.099999999999999922e-01,5.809250883520800990e+00,6.591190333689172398e+00,6.127243028040150641e+00,5.801348357826777935e+00,6.465145224801820412e+00,6.043197203287085983e+00
2.200000000000000011e-01,5.568883879174808094e+00,6.397323725850184495e+00,5.930544484322783028e+00,5.578494883624474987e+00,6.332496210425106575e+00,5.858339907871465968e+00
2.300000000000000100e-01,5.437711664034945436e+00,6.203457126843987979e+00,5.768237194140547253e+00,5.430723706146534546e+00,6.228919698296276231e+00,5.706859286265352438e+00
2.399999999999999911e-01,5.359374718457838860e+00,6.009590537525406617e+00,5.662381089582252613e+00,5.379006827152690740e+00,6.183579171945029707e+00,5.631347905841854740e+00
2.500000000000000000e-01,5.336367128507827573e+00,5.815723958863245890e+00,5.592565300851966903e+00,5.334721148705924954e+00,6.150680248054301025e+00,5.586377691160680392e+00
2.600000000000000089e-01,5.370238333487314719e+00,6.010073730222893928e+00,5.654749190001420622e+00,5.308950000000000280e+00,6.147143457049776494e+00,5.596446496082737809e+00
2.700000000000000178e-01,5.467961161398471326e+00,6.204423506339254324e+00,5.772236351411410560e+00,5.335365783227699055e+00,6.187981134329802124e+00,5.675735824519449579e+00
2.800000000000000266e-01,5.619442593736828861e+00,6.398773286778899561e+00,5.912592902365043201e+00,5.411913388301266004e+00,6.231223010772135140e+00,5.804194704562922524e+00
2.899999999999999800e-01,5.871839029606230831e+00,6.593123071159509685e+00,6.131446376199020776e+00,5.549301165609414888e+00,6.465145224801820412e+00,6.010161714690200441e+00
2.999999999999999889e-01,6.175587498439965017e+00,6.787472859142553716e+00,6.385813556795080892e+00,5.755726721957747927e+00,6.705029828419855953e+00,6.239149338201531947e+00
3.099999999999999978e-01,6.530443114758159417e+00,6.981822650427193189e+00,6.751505629379630946e+00,6.037247761190272399e+00,7.265006882309197778e+00,6.602576911947271476e+00
3.200000000000000067e-01,6.919765554439143429e+00,7.360436621153818137e+00,7.178445558459515041e+00,6.398592388578888901e+00,7.825001597443925760e+00,7.042513284103409710e+00
3.300000000000000155e-01,7.369301948327989571e+00,7.894899278156571221e+00,7.637899686550487566e+00,6.843429347519333739e+00,8.385073046789754514e+00,7.548764815806518591e+00
3.400000000000000244e-01,8.011880536079035053e+00,8.429366513814509076e+00,8.268042485406690290e+00,7.374518013113483761e+00,9.057733229125267016e+00,8.154074685271735845e+00
3.500000000000000333e-01,8.794104990981741921e+00,9.165362350990758245e+00,8.979221146059229497e+00,7.993558226747741635e+00,9.730463760787563032e+00,8.805727937344840939e+00
3.599999999999999867e-01,9.623299497579575146e+00,9.915148000227995695e+00,9.812720750680313131e+00,8.701120095361471130e+00,1.040278868861614292e+01,9.558590340956872211e+00
3.699999999999999956e-01,1.048595735266852991e+01,1.086660039919040166e+01,1.070115172370464407e+01,9.496123806216784757e+00,1.107516252702415116e+01,1.039404289121719849e+01
3.800000000000000044e-01,1.134614434120420512e+01,1.181816043205295941e+01,1.161812972339736483e+01,1.037587946267732164e+01,1.229204677378380595e+01,1.134541360648249864e+01
3.900000000000000133e-01,1.231568498927319588e+01,1.276980403736082792e+01,1.260546989206624424e+01,1.133583700324965093e+01,1.350707479228735330e+01,1.237676733699768405e+01
4.000000000000000222e-01,1.321401227121938327e+01,1.383182046760421002e+01,1.364489703855476499e+01,1.236939614991774761e+01,1.472024541235641237e+01,1.343452144085386024e+01
4.100000000000000311e-01,1.408081828884805908e+01,1.493052394972539432e+01,1.476070774419864939e+01,1.346775634757034013e+01,1.612684106630241132e+01,1.458133678948919076e+01
4.199999999999999845e-01,1.502979464131003340e+01,1.610488250074074656e+01,1.590852081039184007e+01,1.462081680687423280e+01,1.753185687699838269e+01,1.575776120128220370e+01
4.299999999999999933e-01,1.614311166273807530e+01,1.729669976886859573e+01,1.708765074854858312e+01,1.581657645631316633e+01,1.893529112530356784e+01,1.696753698568474533e+01
4.400000000000000022e-01,1.725642869054002659e+01,1.848858280740925508e+01,1.827654883622258453e+01,1.685151715110193749e+01,2.004282992119625817e+01,1.816579833380002285e+01
4.500000000000000111e-01,1.836974572355698498e+01,1.968366926575709641e+01,1.947282740354454944e+01,1.786803611983966178e+01,2.115036938211718720e+01,1.937066240317171406e+01
4.600000000000000200e-01,1.948306276089497047e+01,2.088784552740104061e+01,2.066161120223693004e+01,1.878986492319181778e+01,2.225783710291726436e+01,2.056304602506176948e+01
4.700000000000000289e-01,2.059637980185325290e+01,2.210072723070411982e+01,2.184109963512831953e+01,1.970322855290310926e+01,2.336530815118860005e+01,2.174680743274770833e+01
4.799999999999999822e-01,2.170969684587487336e+01,2.329766255724788238e+01,2.300206338207332379e+01,2.056070613186486185e+01,2.474869250193948744e+01,2.293041698929035022e+01
4.899999999999999911e-01,2.282301389251154689e+01,2.442132323267691874e+01,2.413715786138062214e+01,2.134676564226373685e+01,2.612869075471549962e+01,2.408565736182243455e+01
5.000000000000000000e-01,2.393633094139837425e+01,2.551280081652588194e+01,2.525679846209203205e+01,2.212885079598679638e+01,2.750530721515395172e+01,2.523176852560435179e+01
5.100000000000000089e-01,2.487836074358644112e+01,2.657917701101900221e+01,2.630540195647492752e+01,2.281606128298983904e+01,2.886187628650947090e+01,2.634063697696065631e+01
5.200000000000000178e-01,2.582039060467176483e+01,2.765491472579196497e+01,2.734877434480547009e+01,2.350667261240178618e+01,3.022186685350710178e+01,2.744033561098729024e+01
5.300000000000000266e-01,2.676242051843483694e+01,2.870709502734513308e+01,2.837271044646457341e+01,2.417173021600209282e+01,3.158526753092333905e+01,2.852672843810848846e+01
5.400000000000000355e-01,2.770445047950208917e+01,2.974180023682861673e+01,2.938015416468991248e+01,2.481679169335914281e+01,3.262283345296665260e+01,2.957252725688461581e+01
5.500000000000000444e-01,2.864648048320676210e+01,3.072383044581984635e+01,3.036812367314955097e+01,2.545658488241062400e+01,3.366040440933532096e+01,3.060043270026620377e+01
5.600000000000000533e-01,2.958851052547642979e+01,3.163844680548378818e+01,3.130281690182441068e+01,2.608103917999812538e+01,3.469529263819517695e+01,3.160126812105079352e+01
5.700000000000000622e-01,3.053054060274128645e+01,3.254400310963929854e+01,3.221521253438611154e+01,2.670466248554959421e+01,3.573020151076678275e+01,3.258129005332096284e+01
5.799999999999999600e-01,3.147257071185891064e+01,3.343609234456587131e+01,3.309075494378242865e+01,2.730360791024718381e+01,3.693343501791056838e+01,3.355139182030492151e+01
5.899999999999999689e-01,3.217875050632617473e+01,3.429968175513182871e+01,3.390286586931884472e+01,2.789257960028385597e+01,3.813841377870290472e+01,3.447598927579948480e+01
5.999999999999999778e-01,3.276700513535377723e+01,3.507885299745770880e+01,3.466497708122489030e+01,2.846372291015669376e+01,3.934511469039072296e+01,3.537084127403026912e+01
6.099999999999999867e-01,3.335525976438140106e+01,3.585745673127895117e+01,3.535096125403702416e+01,2.897959499630812630e+01,4.032849729960743446e+01,3.617508832199864344e+01
6.199999999999999956e-01,3.394351439340904619e+01,3.653529622145622824e+01,3.601544464588020134e+01,2.949588473726477034e+01,4.131180437303066810e+01,3.695729814823505421e+01
6.300000000000000044e-01,3.453176902243671265e+01,3.717974558794347217e+01,3.662659979040913782e+01,2.992747028677542787e+01,4.229505792642918749e+01,3.767650680411727393e+01
6.400000000000000133e-01,3.512002365146440042e+01,3.778819295494500352e+01,3.720564308219783101e+01,3.033751832088233868e+01,4.307673209102974710e+01,3.829447066010745004e+01
6.500000000000000222e-01,3.570827828049210240e+01,3.832806408074064564e+01,3.773997627855937509e+01,3.070434427374600972e+01,4.398214992611555374e+01,3.884810684606147646e+01
6.600000000000000311e-01,3.629653290951982569e+01,3.878815437028220714e+01,3.818128854570753816e+01,3.099626443023419142e+01,4.475264569733835174e+01,3.932530821897436368e+01
6.700000000000000400e-01,3.671092911378834600e+01,3.918143934414208474e+01,3.857338035579814317e+01,3.128830092933866425e+01,4.552246960742527193e+01,3.976842208290359082e+01
6.800000000000000488e-01,3.677760852160196947e+01,3.953902639891342119e+01,3.886079700820846483e+01,3.147787726130331976e+01,4.607577676721381721e+01,4.012951403931955241e+01
6.900000000000000577e-01,3.684428799309356606e+01,3.986379427336400738e+01,3.912417980615562385e+01,3.165947215200737475e+01,4.661292552873496930e+01,4.043919603357755932e+01
7.000000000000000666e-01,3.691096752791806068e+01,4.014610638923492303e+01,3.934159952843699415e+01,3.179716617579155979e+01,4.704029574243527634e+01,4.068925073714792973e+01
7.099999999999999645e-01,3.697764712573280832e+01,4.031684216678932131e+01,3.948280722685954913e+01,3.188876236547405796e+01,4.735239507921799884e+01,4.084173028054583909e+01
7.199999999999999734e-01,3.704432678619769348e+01,4.045524907025939143e+01,3.960047357854167416e+01,3.197766929339117326e+01,4.765533722312642340e+01,4.097723831199077438e+01
7.299999999999999822e-01,3.711100650897498099e+01,4.056431236722638545e+01,3.967750795264925756e+01,3.200460533652883299e+01,4.777235396596925199e+01,4.105548197548721134e+01
7.399999999999999911e-01,3.717768629372941547e+01,4.064616574165941643e+01,3.974150398358282388e+01,3.203194553748416951e+01,4.788995296274885050e+01,4.111170114310083079e+01
7.500000000000000000e-01,3.724436614012810765e+01,4.067519999999999669e+01,3.977278864085990762e+01,3.203234943116815003e+01,4.790619858337026926e+01,4.112287637382549832e+01
7.600000000000000089e-01,3.717633935316109728e+01,4.064653752561100220e+01,3.973471750694462656e+01,3.201459692049856187e+01,4.785626291177973002e+01,4.110140595584887535e+01
7.700000000000000178e-01,3.710831262329455171e+01,4.056508853619053667e+01,3.967351358308316378e+01,3.199042745188267389e+01,4.777941419297428638e+01,4.106333777112103434e+01
7.800000000000000266e-01,3.704028595084307085e+01,4.045643783118099179e+01,3.957986556804733880e+01,3.193023861313698575e+01,4.756391569606788750e+01,4.098041206192637986e+01
7.900000000000000355e-01,3.697225933612358517e+01,4.031847349972805716e+01,3.947151874113446013e+01,3.186975813166044347e+01,4.734820783117877596e+01,4.087749501367086680e+01
8.000000000000000444e-01,3.690423277945534153e+01,4.014610638923492303e+01,3.932231148039667090e+01,3.176062489512973031e+01,4.698804514707688185e+01,4.070801824546590808e+01
8.100000000000000533e-01,3.683620628115996709e+01,3.986651368195067136e+01,3.911178589564904939e+01,3.163606113275320908e+01,4.657750238084621941e+01,4.045335106872433073e+01
8.200000000000000622e-01,3.676817984156144803e+01,3.954234772596536374e+01,3.886637044885318204e+01,3.148219157473030094e+01,4.609933691248996723e+01,4.017360679100836762e+01
8.300000000000000711e-01,3.670015346098618636e+01,3.918554375638343856e+01,3.857277457275817767e+01,3.125750523000308334e+01,4.545776104041596710e+01,3.982369038515282966e+01
8.399999999999999689e-01,3.628149491494049528e+01,3.879325739154007380e+01,3.820731250051944983e+01,3.103174234287485689e+01,4.481512315135702806e+01,3.944133958904649262e+01
8.499999999999999778e-01,3.568752028853168667e+01,3.832796408612595229e+01,3.775130646394776335e+01,3.069853516671665972e+01,4.396956368350517863e+01,3.895421833271909406e+01
8.599999999999999867e-01,3.509354568658145723e+01,3.779561041312931735e+01,3.722629367572304915e+01,3.034757821066781247e+01,4.308898791604563172e+01,3.839412470554835011e+01
8.699999999999999956e-01,3.449957111035308088e+01,3.718905206243506711e+01,3.665523848248862748e+01,2.994545169829119402e+01,4.229505792642918749e+01,3.778818353329460678e+01
8.800000000000000044e-01,3.390559656119839360e+01,3.654631534109480384e+01,3.602985900697940735e+01,2.947107446369725636e+01,4.131169692445201491e+01,3.707904997594006602e+01
8.900000000000000133e-01,3.331162204056563070e+01,3.587008555389497388e+01,3.537835904121874364e+01,2.899711016140415154e+01,4.032837552173683804e+01,3.633904411511714017e+01
9.000000000000000222e-01,3.271764755000820202e+01,3.509403842371340687e+01,3.465766372387402328e+01,2.843383022059748555e+01,3.934511469039072296e+01,3.553215757353462578e+01
9.100000000000000311e-01,3.212367309119442638e+01,3.431739281289182486e+01,3.389121759004468259e+01,2.786840710785407182e+01,3.813854924992413942e+01,3.462447671253595871e+01
9.200000000000000400e-01,3.141603576391769082e+01,3.345729070062117216e+01,3.308021756106359135e+01,2.727739210334341635e+01,3.693191953521446180e+01,3.369499707110674080e+01
9.300000000000000488e-01,3.048107265225848650e+01,3.256901144294728567e+01,3.219486940863458102e+01,2.666297898561096957e+01,3.572520153896965667e+01,3.272829217910903310e+01
9.400000000000000577e-01,2.954610954264645173e+01,3.165948137187574218e+01,3.128397361052166303e+01,2.604634087192361491e+01,3.468765144111085164e+01,3.176430684402108184e+01
9.500000000000000666e-01,2.861114643528226154e+01,3.068726608569154735e+01,3.032913795409846713e+01,2.540971164291242701e+01,3.365010735495505401e+01,3.077206944361449104e+01
9.599999999999999645e-01,2.767618333039375500e+01,2.971580632547681589e+01,2.936307572715080383e+01,2.477378734997146736e+01,3.261767714752232905e+01,2.974635850317707053e+01
9.699999999999999734e-01,2.674122022824057865e+01,2.874894741358212613e+01,2.837554643068969895e+01,2.412348616615021868e+01,3.158526753092333905e+01,2.869885545518338432e+01
9.799999999999999822e-01,2.580625712912003777e+01,2.776516462107621308e+01,2.736400826506627482e+01,2.345956541939662543e+01,3.022186685350710178e+01,2.760588664067599396e+01
9.899999999999999911e-01,nan,nan,nan,nan,nan,nan
1.000000000000000000e+00,nan,nan,nan,nan,nan,nan
