# x_hat,full-stokes min,full-stokes max,full-stokes mean,full-stokes std,higher-order min,higher-order max,higher-order mean,higher-order std
0.000000000000000000e+00,nan,nan,nan,nan,nan,nan,nan,nan
1.000000000000000021e-02,nan,nan,nan,nan,nan,nan,nan,nan
2.000000000000000042e-02,1.604184676627714268e+01,1.667143273776895640e+01,1.643118419837391997e+01,1.753240256352923687e-01,1.328338436789973009e+01,1.679039245777477163e+01,1.599526183524048228e+01,9.173962378259621353e-01
2.999999999999999889e-02,1.593522793968885054e+01,1.650343305563125540e+01,1.631451614854325172e+01,1.639065257598920355e-01,1.317240611373142301e+01,1.669308961985156259e+01,1.589645549913398526e+01,9.170401208913480096e-01
4.000000000000000083e-02,1.582832264442499692e+01,1.633766808300946494e+01,1.619700989611412822e+01,1.545187865648028347e-01,1.306136614404133667e+01,1.659514158428909170e+01,1.579470217097022733e+01,9.174850672191363632e-01
5.000000000000000278e-02,1.572104843128146179e+01,1.617858536151182136e+01,1.607919186426303426e+01,1.474575896117375218e-01,1.295074777670494193e+01,1.649423860603283387e+01,1.569027981336802391e+01,9.167551086484926337e-01
5.999999999999999778e-02,1.561299366123291854e+01,1.602972386148370276e+01,1.595980016986475292e+01,1.418749223052213904e-01,1.284023477612086062e+01,1.639284027487454765e+01,1.558534205538600048e+01,9.158408609409413037e-01
7.000000000000000666e-02,1.550482418998936218e+01,1.591258424070883137e+01,1.584048987934093589e+01,1.377066639600421083e-01,1.272967844034009310e+01,1.628948728270933088e+01,1.547970164109431579e+01,9.148401265888146394e-01
8.000000000000000167e-02,1.539778285529317081e+01,1.579446318022407247e+01,1.572152556322851602e+01,1.341912733602816932e-01,1.262083248716711559e+01,1.618578911303866263e+01,1.537438429417001196e+01,9.135918619336065305e-01
8.999999999999999667e-02,1.529012758451553999e+01,1.567714053282888642e+01,1.560338507268169828e+01,1.320567947883714566e-01,1.251450362102607272e+01,1.608269142441590915e+01,1.527090757291854217e+01,9.124236347107305134e-01
1.000000000000000056e-01,1.518216209568606345e+01,1.556074250624711652e+01,1.548708853824305720e+01,1.306013087017127983e-01,1.240837264007542373e+01,1.597983806831708975e+01,1.516823272481583373e+01,9.117300975588353840e-01
1.100000000000000006e-01,1.507870932364549077e+01,1.545448342416649368e+01,1.537473116204848900e+01,1.299728203227816514e-01,1.230923878265373084e+01,1.588094058114849183e+01,1.506908440508820313e+01,9.101133083216281783e-01
1.199999999999999956e-01,1.497681264334844897e+01,1.535514326841163957e+01,1.526771193955204176e+01,1.302798013763869223e-01,1.221207028473027734e+01,1.578218708513037427e+01,1.497395890476601643e+01,9.094611247426517275e-01
1.300000000000000044e-01,1.487765096904075968e+01,1.525580311269423817e+01,1.516270233320581617e+01,1.301639297534084305e-01,1.211737733873830614e+01,1.569138413430937540e+01,1.488237585963234011e+01,9.093851191078887730e-01
1.400000000000000133e-01,1.478865695683252390e+01,1.515646295701502488e+01,1.506523048092580730e+01,1.296044863175542239e-01,1.203400010741539816e+01,1.560038609492165662e+01,1.479666101273402390e+01,9.073386590155102516e-01
1.499999999999999944e-01,1.469974986531192762e+01,1.505712280137475645e+01,1.497225367878082558e+01,1.288222180579310094e-01,1.195068999765599926e+01,1.552073883108984020e+01,1.471467093740122145e+01,9.072898464746094183e-01
1.600000000000000033e-01,1.462197348849450940e+01,1.499172269906335053e+01,1.489001655353467335e+01,1.307048637209285991e-01,1.187822745907206468e+01,1.544118518928326900e+01,1.464046100030220821e+01,9.060147493440723343e-01
1.700000000000000122e-01,1.455099523063208622e+01,1.492632259684050311e+01,1.481751750946617285e+01,1.322198196854648677e-01,1.181230063394483842e+01,1.537583255051969466e+01,1.457742679373332528e+01,9.066991253257232763e-01
1.799999999999999933e-01,1.448132601258878793e+01,1.486092249470738125e+01,1.474734964823796979e+01,1.333708819281081981e-01,1.174738994354277111e+01,1.531038431482710926e+01,1.451636523728819128e+01,9.074319169485322023e-01
1.900000000000000022e-01,1.443202520077699091e+01,1.479552239266517510e+01,1.468949632956098483e+01,1.326931734703021837e-01,1.170134566675863041e+01,1.526118183285291963e+01,1.446613366385696509e+01,9.059134044635155369e-01
2.000000000000000111e-01,1.438271152860346014e+01,1.473012229071509793e+01,1.463664176304618003e+01,1.307135727302256856e-01,1.165532127244801330e+01,1.521188350143298429e+01,1.441888921730562600e+01,9.053888861696876011e-01
2.099999999999999922e-01,1.434489434513623252e+01,1.470826225677892829e+01,1.459726632601397789e+01,1.336004710215889790e-01,1.161954041694478512e+01,1.517988652335454702e+01,1.438609371822687244e+01,9.062523735360539234e-01
2.200000000000000011e-01,1.431917771380012994e+01,1.468640222297389641e+01,1.456906920981083964e+01,1.340444937340584952e-01,1.159454216537371529e+01,1.514798276843936620e+01,1.436076251850156105e+01,9.058926302251636420e-01
2.300000000000000100e-01,1.429308235177724029e+01,1.466454218930058495e+01,1.454335096112154702e+01,1.344136965923279359e-01,1.156935970584847162e+01,1.513358023909623107e+01,1.433915913193628100e+01,9.073329903379542261e-01
2.399999999999999911e-01,1.428809962708345616e+01,1.464268215575958543e+01,1.453121295311172112e+01,1.334384627878251739e-01,1.156285203406493700e+01,1.511913211401200030e+01,1.432709617203460617e+01,9.054911362901151284e-01
2.500000000000000000e-01,1.428493617244235558e+01,1.462082212235149292e+01,1.452408595470161679e+01,1.297363852885837221e-01,1.155802708538268320e+01,1.512052957658232799e+01,1.432253694631929797e+01,9.055685665647543736e-01
2.600000000000000089e-01,1.428990654475823874e+01,1.464268215575959253e+01,1.452995079575677018e+01,1.321230367178671261e-01,1.156033444986663383e+01,1.512193179704709500e+01,1.432711226657150938e+01,9.061096961986530030e-01
2.700000000000000178e-01,1.430939984881268856e+01,1.466454218930059916e+01,1.454720103205573700e+01,1.309834723081309271e-01,1.157511094903216531e+01,1.513988571045002907e+01,1.434051930245986384e+01,9.059854801675583102e-01
2.800000000000000266e-01,1.432914889764351329e+01,1.468640222297391951e+01,1.456680492865163146e+01,1.294131520428150328e-01,1.158978222286540216e+01,1.515783147384575535e+01,1.435580624774625669e+01,9.061450280871028440e-01
2.899999999999999800e-01,1.436798950462471147e+01,1.470826225677896204e+01,1.460038420607321363e+01,1.273947319361884156e-01,1.162106076610920091e+01,1.519378524104786621e+01,1.438642933665689760e+01,9.058653473229700825e-01
2.999999999999999889e-01,1.441161208205810773e+01,1.473012229071514412e+01,1.463927287260685794e+01,1.219716007731811852e-01,1.165662554214859448e+01,1.522968113758292041e+01,1.442012967375527133e+01,9.048115400606167036e-01
3.099999999999999978e-01,1.446044597908554685e+01,1.479552239266522662e+01,1.469139581589029220e+01,1.237320252054674580e-01,1.169706712214254019e+01,1.528343449056526815e+01,1.446458194718314694e+01,9.065899971755566611e-01
3.200000000000000067e-01,1.452686927847794784e+01,1.486092249470743987e+01,1.475496589584022722e+01,1.213761296205388279e-01,1.175329372534663896e+01,1.533713081751241347e+01,1.451701158085881360e+01,9.052681149420679363e-01
3.300000000000000155e-01,1.459344591864799590e+01,1.492632259684057061e+01,1.482100188621446257e+01,1.188547509147251519e-01,1.180950205310186263e+01,1.540748360047337506e+01,1.457584517168623783e+01,9.062506587258168933e-01
3.400000000000000244e-01,1.467297121575743013e+01,1.499172269906342514e+01,1.489868741099256333e+01,1.169533077130046894e-01,1.187813838199123673e+01,1.547783060391216381e+01,1.464378994681449164e+01,9.059724429963341708e-01
3.500000000000000333e-01,1.475896999716502833e+01,1.505712280137483994e+01,1.498128415183713003e+01,1.117656428145075015e-01,1.195318883018302181e+01,1.556282919083724892e+01,1.471631221634803666e+01,9.053920250674425407e-01
3.599999999999999867e-01,1.484633505693705757e+01,1.515646295701511903e+01,1.507369067881153235e+01,1.125828889071197186e-01,1.202982194850662445e+01,1.564788043620144720e+01,1.479610556973443458e+01,9.069339546772402505e-01
3.699999999999999956e-01,1.494740728216937597e+01,1.525580311269434297e+01,1.517474378046387251e+01,1.100882753113637813e-01,1.212045065311189163e+01,1.574467963618008959e+01,1.488664981146735578e+01,9.072151239663219791e-01
3.800000000000000044e-01,1.504881676530437851e+01,1.535514326841175503e+01,1.527809177458827250e+01,1.078735430879857460e-01,1.221125370131990628e+01,1.584158038522040890e+01,1.497896985227071198e+01,9.080467428601078916e-01
3.900000000000000133e-01,1.515502314383144089e+01,1.545448342416662157e+01,1.538677384283834115e+01,1.062639419599342716e-01,1.230827299863920921e+01,1.594683113086308524e+01,1.507689838174360908e+01,9.091799030428543427e-01
4.000000000000000222e-01,1.526594918834653924e+01,1.555987005921441302e+01,1.549896128218992963e+01,1.029817711990075879e-01,1.241062050216903856e+01,1.605208043094589243e+01,1.517685692015910348e+01,9.090437041192890311e-01
4.100000000000000311e-01,1.537694475838129726e+01,1.567340076321446674e+01,1.561452411489365133e+01,1.021976084842203258e-01,1.251268384021499536e+01,1.616183080398517191e+01,1.527998086025519164e+01,9.105633398803948397e-01
4.199999999999999845e-01,1.549145252878384049e+01,1.578939060980180997e+01,1.573308402954811491e+01,1.010780105874906493e-01,1.262108137730761293e+01,1.627173062752419597e+01,1.538507711617425677e+01,9.106950026056624958e-01
4.299999999999999933e-01,1.560599878145686503e+01,1.590445722795933925e+01,1.585227502050324588e+01,1.011863807350752154e-01,1.273002717699643682e+01,1.638228152225275025e+01,1.549060003199650026e+01,9.109450850640968822e-01
4.400000000000000022e-01,1.571873461317970744e+01,1.601948755264139734e+01,1.597145240890744411e+01,1.034027911669316568e-01,1.283981450124722024e+01,1.649293096551637561e+01,1.559617219781959641e+01,9.112344967023762177e-01
4.500000000000000111e-01,1.583142023275383714e+01,1.617858536151182491e+01,1.609176474281126090e+01,1.080715374902370823e-01,1.295081139771602530e+01,1.660128021986078650e+01,1.570345192232348808e+01,9.118902429977280288e-01
4.600000000000000200e-01,1.594444199956420860e+01,1.633766808300946494e+01,1.621031042204109340e+01,1.142907782130735267e-01,1.306145490861028158e+01,1.670943150140363187e+01,1.580970597932444122e+01,9.124761186802666790e-01
4.700000000000000289e-01,1.605401257449537411e+01,1.650343305563125895e+01,1.632860182956240891e+01,1.247261154752264262e-01,1.317189203013213294e+01,1.681363034591842975e+01,1.591470286898341868e+01,9.131255708991495856e-01
4.799999999999999822e-01,1.616412136816504486e+01,1.667143273776896351e+01,1.644670444280630406e+01,1.374275998462634318e-01,1.328307629407629697e+01,1.691763221707402565e+01,1.601929376112308034e+01,9.137247918834908722e-01
4.899999999999999911e-01,1.627435871209544160e+01,1.684117424881972269e+01,1.656456815950155459e+01,1.522084583148136383e-01,1.339518016409574841e+01,1.701853446983318108e+01,1.611949313299916042e+01,9.122587845626625169e-01
5.000000000000000000e-01,1.638492310361481685e+01,1.701611900035619840e+01,1.668291858161151708e+01,1.697469927991433480e-01,1.350962480799697829e+01,1.711953279571674003e+01,1.622009047931683057e+01,9.105488929909540952e-01
5.100000000000000089e-01,1.649517661023738668e+01,1.719104683253002719e+01,1.680278976101813981e+01,1.883550989081774485e-01,1.362368636389221521e+01,1.722218090954769210e+01,1.632192681611304153e+01,9.097888466701180565e-01
5.200000000000000178e-01,1.661010086159403087e+01,1.736967585464461550e+01,1.692491264213769142e+01,2.077619855477485789e-01,1.374340117119763960e+01,1.732508293669964061e+01,1.642508478589765275e+01,9.077528649184815057e-01
5.300000000000000266e-01,1.672723344412543511e+01,1.754954635371683125e+01,1.704933601661348419e+01,2.275953819248299204e-01,1.386640270416209475e+01,1.743368456629776730e+01,1.653469789371354182e+01,9.076963684184857772e-01
5.400000000000000355e-01,1.684588287874891321e+01,1.772998380778526695e+01,1.717550644599473131e+01,2.476143493463995038e-01,1.399079573827109080e+01,1.754208274767306364e+01,1.664598519661160125e+01,9.080095943053164698e-01
5.500000000000000444e-01,1.697301755995083639e+01,1.791209903827839867e+01,1.730454767598433818e+01,2.668027590537307425e-01,1.412284163283664107e+01,1.765588145156307576e+01,1.676030437904000792e+01,9.070055436793013071e-01
5.600000000000000533e-01,1.710028500582260946e+01,1.809422840546245936e+01,1.743751774967284973e+01,2.853161339550295827e-01,1.425472398931470330e+01,1.776983253596242918e+01,1.687820095983714452e+01,9.077533145066872811e-01
5.700000000000000622e-01,1.723176155017735312e+01,1.827504553483007044e+01,1.757136375197799083e+01,3.028377234205130719e-01,1.438819332698904674e+01,1.788663171378512828e+01,1.699650336382563864e+01,9.081295806906527490e-01
5.799999999999999600e-01,1.736616672560804275e+01,1.845541821666119731e+01,1.770656977186325420e+01,3.197761389369406793e-01,1.452314594746794896e+01,1.800348240774445330e+01,1.711666614085184790e+01,9.088304329236485124e-01
5.899999999999999689e-01,1.750040691437126128e+01,1.863395001468805745e+01,1.784162463725508729e+01,3.362868425837525765e-01,1.465757112407039386e+01,1.811943306409347798e+01,1.723726032614058212e+01,9.101901331806854234e-01
5.999999999999999778e-01,1.763413110694775199e+01,1.880698072305577995e+01,1.797499516288014476e+01,3.513427794329218590e-01,1.478544959663323866e+01,1.823528236391828017e+01,1.735656516388655746e+01,9.135763093990858508e-01
6.099999999999999867e-01,1.776791776581406879e+01,1.897999775496588626e+01,1.810481063001762791e+01,3.679084734570206572e-01,1.491329537162483554e+01,1.834533258691005742e+01,1.747299157052427532e+01,9.157830550928678370e-01
6.199999999999999956e-01,1.789722219459985908e+01,1.914234623102392874e+01,1.823115085490427845e+01,3.819287598383090954e-01,1.503308164524499091e+01,1.845538231459332579e+01,1.758700253737942987e+01,9.205616862059703420e-01
6.300000000000000044e-01,1.802129644456252677e+01,1.930114188424846944e+01,1.835105945295503815e+01,3.967483641303505282e-01,1.514380065630881234e+01,1.855438219289717949e+01,1.769463556290379813e+01,9.257674590785247570e-01
6.400000000000000133e-01,1.814532389179863614e+01,1.945455588379874357e+01,1.846828310258315042e+01,4.103687765126985409e-01,1.525450565359545152e+01,1.865338221038182098e+01,1.780025840799530101e+01,9.307163894773015089e-01
6.500000000000000222e-01,1.825135524713554958e+01,1.959181551824632805e+01,1.857485746048203978e+01,4.220592469268942271e-01,1.534322064908424998e+01,1.873678338239934149e+01,1.789212638873199879e+01,9.373899451780732806e-01
6.600000000000000311e-01,1.835533393944393410e+01,1.972907791078017681e+01,1.866813497472196559e+01,4.395404180870122746e-01,1.542942426393128486e+01,1.882023199711440853e+01,1.797447596060007768e+01,9.411609458932225225e-01
6.700000000000000400e-01,1.845053174275399499e+01,1.984517499901842541e+01,1.875480249871080218e+01,4.515165760073750478e-01,1.550671839700959787e+01,1.888518118795432699e+01,1.805098313606583460e+01,9.459455727819657822e-01
6.800000000000000488e-01,1.852783660986943204e+01,1.995421334410649195e+01,1.882637530933237713e+01,4.660451394034071937e-01,1.556539096594325677e+01,1.895013168963941297e+01,1.811518327284542806e+01,9.527376672709353400e-01
6.900000000000000577e-01,1.859252828153918458e+01,2.005488040673412442e+01,1.889472588221060434e+01,4.784125523440706518e-01,1.562392324962873857e+01,1.900678168965781722e+01,1.817080696898615599e+01,9.546131580112586779e-01
7.000000000000000666e-01,1.865592836510553809e+01,2.013044471173370908e+01,1.894857573463736244e+01,4.864284153363701568e-01,1.566262026708554167e+01,1.906487335307452113e+01,1.821612880474343399e+01,9.603048078459565096e-01
7.099999999999999645e-01,1.867320838751428624e+01,2.020600222061639784e+01,1.898754954882869583e+01,5.013771887236895264e-01,1.569484624873451040e+01,1.910776046065019784e+01,1.824906128667405625e+01,9.627379734028833624e-01
7.199999999999999734e-01,1.869048840998677719e+01,2.025385687577909977e+01,1.901990839848400583e+01,5.078518477616332794e-01,1.572273638770595205e+01,1.914927052747200875e+01,1.827878459480206175e+01,9.659757150694663341e-01
7.299999999999999822e-01,1.870776843252282973e+01,2.029247614744317829e+01,1.903774480297774829e+01,5.159894292450679654e-01,1.573382441363408546e+01,1.916603964400654547e+01,1.829308962117013593e+01,9.680812436900566587e-01
7.399999999999999911e-01,1.872504845512226623e+01,2.032144030034919879e+01,1.905304207593249544e+01,5.212174899626250690e-01,1.574513115450610456e+01,1.918284416301752415e+01,1.830606884066496676e+01,9.698536350399751260e-01
7.500000000000000000e-01,1.874232847778491262e+01,2.032144263597748690e+01,1.905713893605100040e+01,5.190499945733265674e-01,1.574704112666889166e+01,1.918545064520381871e+01,1.831219979602775183e+01,9.724346284238548632e-01
7.600000000000000089e-01,1.872504845512226268e+01,2.032144031120819605e+01,1.905130438336961518e+01,5.217752511407082183e-01,1.574368698082659179e+01,1.917889078058721708e+01,1.831090396908588858e+01,9.743445360796727517e-01
7.700000000000000178e-01,1.870776843252282262e+01,2.029247614744317829e+01,1.903943116531024060e+01,5.151617045221632551e-01,1.573892871721517217e+01,1.916849964067480272e+01,1.829962806674275555e+01,9.709030293428836389e-01
7.800000000000000266e-01,1.869048840998676653e+01,2.025385687577909977e+01,1.901496912829542651e+01,5.094402519559112497e-01,1.571767269239402687e+01,1.913832314506593946e+01,1.827913863594731936e+01,9.702706292393952214e-01
7.900000000000000355e-01,1.867320838751427559e+01,2.020600222061639784e+01,1.898784073910911729e+01,5.009868978187932420e-01,1.569687326485404455e+01,1.910817515818246193e+01,1.825603274733312276e+01,9.683507188818519795e-01
8.000000000000000444e-01,1.865592836510552033e+01,2.013044471173370908e+01,1.894741345003339461e+01,4.864515708016751150e-01,1.566338092145984895e+01,1.905835888983129678e+01,1.822433246635443282e+01,9.679239847038710876e-01
8.100000000000000533e-01,1.859252828153915615e+01,2.005488040673412442e+01,1.889206602548600955e+01,4.792007252256556549e-01,1.561830035854073095e+01,1.900140799846789719e+01,1.817618135503211718e+01,9.643255803792171177e-01
8.200000000000000622e-01,1.852912819805227329e+01,1.995421020554573133e+01,1.883007931266411461e+01,4.642908828441134617e-01,1.557328909259837246e+01,1.894218142182216980e+01,1.812435173775576658e+01,9.593753000146739707e-01
8.300000000000000711e-01,1.844947281678817674e+01,1.984517183072338753e+01,1.875181258300479570e+01,4.523773095866586158e-01,1.550209661919399018e+01,1.887107966231810607e+01,1.805795217709498246e+01,9.579465371311632893e-01
8.399999999999999689e-01,1.835525962491908558e+01,1.972907791078017326e+01,1.867051387861243938e+01,4.389287964118819829e-01,1.542947987069308624e+01,1.879988177434039187e+01,1.798869684164600713e+01,9.563843891699087552e-01
8.499999999999999778e-01,1.825049365139805602e+01,1.959181551824632805e+01,1.857600721184372361e+01,4.218194675079450229e-01,1.534637109181363890e+01,1.870903026581444806e+01,1.790295769112661617e+01,9.501368515830834749e-01
8.599999999999999867e-01,1.812921472358481978e+01,1.945455588379874357e+01,1.846708321753038362e+01,4.119584209359979932e-01,1.524705286293047735e+01,1.861808212052723732e+01,1.780657347308128280e+01,9.464642561977948398e-01
8.699999999999999956e-01,1.800799885652587307e+01,1.930114841437865181e+01,1.835271038277425504e+01,3.975389012798965505e-01,1.514767885588476304e+01,1.851093437292769295e+01,1.770471098590243386e+01,9.400332006792697648e-01
8.800000000000000044e-01,1.787294767224819125e+01,1.914235278352225933e+01,1.822873727833068358e+01,3.848169615573681090e-01,1.503095684147469235e+01,1.840388251430183786e+01,1.759465377724390578e+01,9.370476424098047596e-01
8.900000000000000133e-01,1.773467301101726790e+01,1.897999775496588626e+01,1.810254411197143654e+01,3.719017137272631057e-01,1.491031243784488503e+01,1.828558420191329503e+01,1.747970213708341802e+01,9.332852189732518955e-01
9.000000000000000222e-01,1.759495237505927889e+01,1.880698072305577995e+01,1.797061681213147821e+01,3.567492726060556563e-01,1.478651046241157907e+01,1.816738306608931808e+01,1.736063291462049207e+01,9.290782999086109051e-01
9.100000000000000311e-01,1.745082870145546039e+01,1.863395001468805745e+01,1.783448510877604321e+01,3.438439478953103645e-01,1.465355086186246147e+01,1.804378314710473674e+01,1.723726687180072048e+01,9.265135945709760401e-01
9.200000000000000400e-01,1.730657403088522273e+01,1.845541821666119731e+01,1.769753139389175445e+01,3.294624803516232880e-01,1.452073859153031599e+01,1.791998392158809850e+01,1.711384396262260665e+01,9.240545048220717428e-01
9.300000000000000488e-01,1.716463623050698573e+01,1.827504553483006688e+01,1.756047738675294312e+01,3.144842421760406515e-01,1.438665448770680122e+01,1.779598466367570708e+01,1.698955521404325353e+01,9.215538931080229368e-01
9.400000000000000577e-01,1.702372819959461481e+01,1.809422840546245936e+01,1.742396769795136890e+01,2.995064599988394582e-01,1.425187408956082180e+01,1.767223523391706763e+01,1.686575180942471519e+01,9.195751306573333173e-01
9.500000000000000666e-01,1.688423492299419593e+01,1.791209903827839511e+01,1.728971622712021272e+01,2.840408254865882109e-01,1.411846205757156980e+01,1.755218561603528471e+01,1.674513027643807561e+01,9.186250688545880561e-01
9.599999999999999645e-01,1.675294708232205210e+01,1.772998380778527405e+01,1.715977219500755879e+01,2.668648547254426351e-01,1.399083050130553119e+01,1.743248713717076370e+01,1.662790086921739174e+01,9.168014489159096447e-01
9.699999999999999734e-01,1.662169153976871883e+01,1.754955822203141835e+01,1.703215056914536518e+01,2.508242903453663519e-01,1.386279021965698277e+01,1.731923957833033967e+01,1.651631886291976414e+01,9.179408954021167633e-01
9.799999999999999822e-01,1.649765278058324824e+01,1.736968772666195093e+01,1.690773044674214276e+01,2.341424743960151544e-01,nan,nan,nan,nan
9.899999999999999911e-01,nan,nan,nan,nan,nan,nan,nan,nan
1.000000000000000000e+00,nan,nan,nan,nan,nan,nan,nan,nan
